0  1
0.5  0.961135
1  0.923949
1.5  0.888963
2  0.857007
2.5  0.825509
3  0.796736
3.5  0.769408
4  0.74287
4.5  0.716657
5  0.693497
5.5  0.671028
6  0.650439
6.5  0.629498
7  0.61013
7.5  0.5908
8  0.57221
8.5  0.554424
9  0.53704
9.5  0.520763
10  0.505368
10.5  0.489712
11  0.474161
11.5  0.460532
12  0.447825
12.5  0.433858
13  0.420749
13.5  0.409124
14  0.396586
14.5  0.385552
15  0.375264
15.5  0.365201
16  0.355431
16.5  0.345219
17  0.335712
17.5  0.324995
18  0.315807
18.5  0.307026
19  0.297863
19.5  0.290304
20  0.280544
20.5  0.273579
21  0.266444
21.5  0.259231
22  0.25114
22.5  0.2423
23  0.236548
23.5  0.230539
24  0.223143
24.5  0.216442
25  0.210974
25.5  0.205271
26  0.199808
26.5  0.194283
27  0.188857
27.5  0.184067
28  0.178651
28.5  0.173137
29  0.168546
29.5  0.164273
30  0.159759
30.5  0.156579
31  0.152872
31.5  0.148774
32  0.143597
32.5  0.139737
33  0.135982
33.5  0.132282
34  0.128786
34.5  0.125266
35  0.122894
35.5  0.119385
36  0.115867
36.5  0.112365
37  0.108498
37.5  0.105916
38  0.104069
38.5  0.101229
39  0.0977727
39.5  0.0951503
40  0.0931687
40.5  0.0904025
41  0.0877291
41.5  0.0853345
42  0.0830521
42.5  0.0812618
43  0.0796078
43.5  0.0781004
44  0.0756664
44.5  0.0738369
45  0.0723296
45.5  0.0698568
46  0.0674586
46.5  0.0657594
47  0.0641338
47.5  0.0637017
48  0.0617257
48.5  0.0601861
49  0.0577743
49.5  0.0563668
50  0.0544401
