0  5000
0.00529311  357.524
0.00793966  337.059
0.0119095  316.601
0.0178642  296.15
0.0267964  275.713
0.0401945  255.294
0.0602918  234.903
0.0904377  214.552
0.135657  194.258
0.203485  174.046
0.305227  153.939
0.457841  133.974
0.686761  114.17
1.03014  94.4936
1.54521  74.8427
2.31782  55.1659
3.47673  35.4228
5.2151  15.6245
7.82264  -4.21816
11.734  -24.0927
17.6009  -43.9746
26.4014  -63.8754
39.6021  -83.7895
59.4032  -103.693
89.1048  -123.599
133.657  -143.501
200.486  -163.416
300.729  -183.321
451.093  -203.224
676.639  -223.125
1014.96  -243.026
1522.44  -262.917
2283.66  -282.806
3425.49  -302.676
5138.23  -322.528
7707.35  -342.33
11561  -362.08
17341.5  -381.744
26012.3  -401.281
39018.4  -420.617
58527.7  -439.671
87791.5  -458.297
131687  -476.29
197531  -493.313
296296  -508.888
444444  -522.308
666667  -532.469
1e+06  -537.758
1.5e+06  -535.72
