0  0.86788
0.5  1.17339
1  0.977731
1.5  1.00352
2  0.988358
2.5  0.772086
3  0.773945
3.5  0.889702
4  0.7225
4.5  0.695205
5  0.863332
5.5  0.671589
6  0.824973
6.5  0.634647
7  0.553062
7.5  0.582731
8  0.756969
8.5  0.501017
9  0.409892
9.5  0.483571
10  0.551722
10.5  0.479913
11  0.590479
11.5  0.368334
12  0.429051
12.5  0.613474
13  0.482208
13.5  0.444778
14  0.368995
14.5  0.47515
15  0.260409
15.5  0.253438
16  0.287191
16.5  0.432286
17  0.323738
17.5  0.271305
18  0.105731
18.5  0.158712
19  0.361455
19.5  0.266224
20  0.0519422
20.5  0.249116
21  0.42205
21.5  0.263826
22  0.330104
22.5  0.270803
23  0.230336
23.5  0.0487296
24  0.231526
24.5  0.205367
25  0.203823
25.5  0.200776
26  0.0804442
26.5  0.205002
27  0.252503
27.5  0.121131
28  0.108488
28.5  0.372447
29  0.194617
29.5  0.296863
30  0.322882
30.5  -0.0117241
31  0.415347
31.5  0.0147076
32  0.193986
32.5  0.122016
33  -0.0126991
33.5  0.299365
34  0.274487
34.5  0.107257
35  0.015798
35.5  0.0980047
36  0.164819
36.5  0.0436523
37  -0.0807796
37.5  0.0539574
38  0.0769476
38.5  0.000835577
39  -0.0281988
39.5  -0.0189087
40  0.0332915
40.5  0.192164
41  0.11467
41.5  0.0429433
42  0.105834
42.5  -0.00161491
43  0.0341691
43.5  0.110355
44  0.0946891
44.5  0.163568
45  0.0716378
45.5  0.292719
46  0.212873
46.5  0.152188
47  0.0944858
47.5  0.114901
48  -0.0919732
48.5  0.0521398
49  0.228675
49.5  0.170301
50  0.0659849
