0  5000
0.00529311  357.528
0.00793966  337.066
0.0119095  316.61
0.0178642  296.165
0.0267964  275.734
0.0401945  255.326
0.0602918  234.949
0.0904377  214.621
0.135657  194.362
0.203485  174.2
0.305227  154.174
0.457841  134.317
0.686761  114.654
1.03014  95.175
1.54521  75.8339
2.31782  56.5829
3.47673  37.4842
5.2151  18.6475
7.82264  0.252322
11.734  -17.4588
17.6009  -34.1025
26.4014  -49.1441
39.6021  -61.7621
59.4032  -70.7357
89.1048  -74.2488
133.657  -69.5429
200.486  -52.5434
300.729  -17.0802
451.093  46.0789
676.639  150.747
1014.96  317.71
1522.44  578.116
2283.66  978.692
3425.49  1589.5
5138.23  2515.67
7707.35  3914.87
11561  6023.65
17341.5  9196.76
26012.3  13966.4
39018.4  21130.8
58527.7  31887.3
87791.5  48032.1
131687  72259.1
197531  108610
296296  163146
444444  244959
666667  367690
1e+06  551796
1.5e+06  827965
