0  0.99924
0.5  0.961114
1  0.923733
1.5  0.889872
2  0.858444
2.5  0.826613
3  0.799067
3.5  0.771994
4  0.744856
4.5  0.720007
5  0.695195
5.5  0.672825
6  0.650204
6.5  0.629675
7  0.61012
7.5  0.589707
8  0.572951
8.5  0.555689
9  0.536801
9.5  0.520098
10  0.505101
10.5  0.490097
11  0.474416
11.5  0.461127
12  0.447909
12.5  0.434903
13  0.422559
13.5  0.409196
14  0.397091
14.5  0.385944
15  0.375715
15.5  0.365593
16  0.354907
16.5  0.341513
17  0.332906
17.5  0.322008
18  0.318125
18.5  0.304841
19  0.298661
19.5  0.288276
20  0.280768
20.5  0.274442
21  0.264772
21.5  0.257051
22  0.250172
22.5  0.243611
23  0.237356
23.5  0.230533
24  0.225103
24.5  0.217016
25  0.211918
25.5  0.203614
26  0.200988
26.5  0.193681
27  0.188652
27.5  0.184358
28  0.178999
28.5  0.173306
29  0.170348
29.5  0.164557
30  0.162106
30.5  0.154907
31  0.151719
31.5  0.146176
32  0.142809
32.5  0.138135
33  0.135043
33.5  0.128991
34  0.128011
34.5  0.125767
35  0.119934
35.5  0.117896
36  0.114799
36.5  0.112227
37  0.111082
37.5  0.106387
38  0.102666
38.5  0.101036
39  0.0984803
39.5  0.0957649
40  0.0911212
40.5  0.0906513
41  0.0861784
41.5  0.0846985
42  0.0819209
42.5  0.0800847
43  0.0794092
43.5  0.0762333
44  0.075288
44.5  0.0703808
45  0.0703647
45.5  0.0688734
46  0.0670755
46.5  0.0639378
47  0.0630959
47.5  0.0611681
48  0.0608613
48.5  0.0576481
49  0.058463
49.5  0.0534855
50  0.0530003
