0  5000
0.00529311  357.524
0.00793966  337.06
0.0119095  316.601
0.0178642  296.151
0.0267964  275.713
0.0401945  255.295
0.0602918  234.903
0.0904377  214.552
0.135657  194.258
0.203485  174.047
0.305227  153.944
0.457841  133.984
0.686761  114.183
1.03014  94.4922
1.54521  74.865
2.31782  55.1907
3.47673  35.434
5.2151  15.6488
7.82264  -4.17632
11.734  -24.0369
17.6009  -43.9039
26.4014  -63.7944
39.6021  -83.6953
59.4032  -103.615
89.1048  -123.523
133.657  -143.42
200.486  -163.332
300.729  -183.241
451.093  -203.138
676.639  -223.035
1014.96  -242.941
1522.44  -262.828
2283.66  -282.702
3425.49  -302.551
5138.23  -322.382
7707.35  -342.158
11561  -361.866
17341.5  -381.463
26012.3  -400.921
39018.4  -420.154
58527.7  -439.034
87791.5  -457.386
131687  -474.961
197531  -491.368
296296  -506.013
444444  -517.994
666667  -526.021
1e+06  -528.097
1.5e+06  -521.276
