0  1
0.5  0.957329
1  0.918422
1.5  0.884218
2  0.85043
2.5  0.817654
3  0.794474
3.5  0.76557
4  0.742718
4.5  0.710441
5  0.692431
5.5  0.666494
6  0.647519
6.5  0.633548
7  0.609298
7.5  0.585988
8  0.564245
8.5  0.545471
9  0.523366
9.5  0.499521
10  0.490268
10.5  0.469328
11  0.463042
11.5  0.468884
12  0.456343
12.5  0.435707
13  0.425433
13.5  0.418821
14  0.415351
14.5  0.394425
15  0.390516
15.5  0.392332
16  0.37783
16.5  0.361703
17  0.345106
17.5  0.32935
18  0.318003
18.5  0.310579
19  0.288702
19.5  0.270582
20  0.258836
20.5  0.244879
21  0.23804
21.5  0.244985
22  0.240383
22.5  0.229866
23  0.222575
23.5  0.210924
24  0.202573
24.5  0.192484
25  0.200316
25.5  0.19122
26  0.186629
26.5  0.180539
27  0.184147
27.5  0.185406
28  0.191691
28.5  0.181724
29  0.179405
29.5  0.171833
30  0.173522
30.5  0.166329
31  0.165264
31.5  0.164272
32  0.151261
32.5  0.142419
33  0.143089
33.5  0.141078
34  0.144641
34.5  0.143937
35  0.147957
35.5  0.143838
36  0.136495
36.5  0.139709
37  0.141666
37.5  0.13434
38  0.131069
38.5  0.120577
39  0.118016
39.5  0.108249
40  0.105616
40.5  0.103828
41  0.0922869
41.5  0.0938639
42  0.096457
42.5  0.0917664
43  0.0971011
43.5  0.103896
44  0.0969197
44.5  0.108197
45  0.108738
45.5  0.104803
46  0.0925734
46.5  0.0918378
47  0.0768056
47.5  0.0654002
48  0.0572643
48.5  0.0587271
49  0.0561858
49.5  0.0626144
50  0.0638648
