0  5000
0.00529311  357.524
0.00793966  337.059
0.0119095  316.601
0.0178642  296.151
0.0267964  275.713
0.0401945  255.294
0.0602918  234.903
0.0904377  214.551
0.135657  194.259
0.203485  174.048
0.305227  153.948
0.457841  133.982
0.686761  114.172
1.03014  94.4983
1.54521  74.8573
2.31782  55.1998
3.47673  35.4787
5.2151  15.7129
7.82264  -4.09384
11.734  -23.9194
17.6009  -43.7237
26.4014  -63.5168
39.6021  -83.2598
59.4032  -102.956
89.1048  -122.561
133.657  -142.001
200.486  -161.213
300.729  -180.097
451.093  -198.461
676.639  -216.063
1014.96  -232.495
1522.44  -247.166
2283.66  -259.215
3425.49  -267.336
5138.23  -269.542
7707.35  -262.9
11561  -242.983
17341.5  -203.141
26012.3  -133.409
39018.4  -18.8762
58527.7  162.888
87791.5  445.499
131687  879.363
197531  1540.12
296296  2541.22
444444  4052.84
666667  6330.22
1e+06  9756.26
1.5e+06  14905.3
