0  1
0.5  0.973659
1  0.954533
1.5  0.927826
2  0.87226
2.5  0.852706
3  0.821596
3.5  0.784431
4  0.778776
4.5  0.742523
5  0.71566
5.5  0.708115
6  0.671831
6.5  0.666114
7  0.662127
7.5  0.632952
8  0.632676
8.5  0.607313
9  0.573879
9.5  0.57207
10  0.546106
10.5  0.540523
11  0.553387
11.5  0.531641
12  0.531853
12.5  0.514381
13  0.472087
13.5  0.459841
14  0.421501
14.5  0.395481
15  0.397902
15.5  0.373091
16  0.373095
16.5  0.374644
17  0.348116
17.5  0.354186
18  0.34569
18.5  0.327931
19  0.34117
19.5  0.320466
20  0.305392
20.5  0.299075
21  0.257769
21.5  0.248891
22  0.237004
22.5  0.21867
23  0.243017
23.5  0.245799
24  0.249158
24.5  0.267913
25  0.243986
25.5  0.238547
26  0.226149
26.5  0.190628
27  0.190721
27.5  0.170558
28  0.145726
28.5  0.145961
29  0.111383
29.5  0.09614
30  0.0924344
30.5  0.0671983
31  0.078642
31.5  0.083711
32  0.0684425
32.5  0.0819334
33  0.0594073
33.5  0.0412486
34  0.0435355
34.5  0.0388531
35  0.0433697
35.5  0.0741859
36  0.0663235
36.5  0.0685744
37  0.0716794
37.5  0.0454169
38  0.0555073
38.5  0.0541519
39  0.0462054
39.5  0.072855
40  0.0690896
40.5  0.073676
41  0.0926477
41.5  0.0825517
42  0.102384
42.5  0.126522
43  0.124772
43.5  0.151503
44  0.148742
44.5  0.131505
45  0.133193
45.5  0.0980906
46  0.0852568
46.5  0.0849806
47  0.0623908
47.5  0.072099
48  0.0711215
48.5  0.0492308
49  0.0594149
49.5  0.0533355
50  0.0505175
