0  5000
0.00529311  357.527
0.00793966  337.064
0.0119095  316.608
0.0178642  296.161
0.0267964  275.728
0.0401945  255.316
0.0602918  234.935
0.0904377  214.6
0.135657  194.33
0.203485  174.148
0.305227  154.091
0.457841  134.185
0.686761  114.455
1.03014  94.8577
1.54521  75.2941
2.31782  55.6967
3.47673  36.0352
5.2151  16.346
7.82264  -3.3291
11.734  -22.9362
17.6009  -42.4366
26.4014  -61.7626
39.6021  -80.8102
59.4032  -99.4251
89.1048  -117.382
133.657  -134.372
200.486  -149.897
300.729  -163.242
451.093  -173.299
676.639  -178.432
1014.96  -176.172
1522.44  -162.824
2283.66  -132.862
3425.49  -77.9535
5138.23  14.3633
7707.35  162.793
11561  395.404
17341.5  754.265
26012.3  1302.51
39018.4  2134.84
58527.7  3393.31
87791.5  5290.96
131687  8147.39
197531  12442
296296  18893.8
444444  28581.6
666667  43123.2
1e+06  64945.5
1.5e+06  97689
