0  1.00838
0.5  0.979007
1  0.924783
1.5  0.886836
2  0.867426
2.5  0.820165
3  0.800225
3.5  0.760936
4  0.733201
4.5  0.726659
5  0.702985
5.5  0.658014
6  0.65477
6.5  0.627209
7  0.62054
7.5  0.605276
8  0.576039
8.5  0.539259
9  0.539198
9.5  0.5277
10  0.507833
10.5  0.494392
11  0.467817
11.5  0.455618
12  0.440529
12.5  0.418568
13  0.435744
13.5  0.40755
14  0.394437
14.5  0.399805
15  0.353797
15.5  0.36682
16  0.364804
16.5  0.325995
17  0.322793
17.5  0.328181
18  0.322904
18.5  0.297649
19  0.293515
19.5  0.278419
20  0.267595
20.5  0.252191
21  0.269782
21.5  0.257621
22  0.247965
22.5  0.251127
23  0.240791
23.5  0.225573
24  0.231051
24.5  0.216568
25  0.212039
25.5  0.210354
26  0.193172
26.5  0.199146
27  0.177983
27.5  0.188069
28  0.176896
28.5  0.182504
29  0.172001
29.5  0.165794
30  0.159799
30.5  0.162678
31  0.159257
31.5  0.140539
32  0.149728
32.5  0.137022
33  0.137348
33.5  0.13024
34  0.152903
34.5  0.158718
35  0.109584
35.5  0.111714
36  0.101849
36.5  0.109157
37  0.0956362
37.5  0.107957
38  0.102342
38.5  0.0999054
39  0.0959844
39.5  0.101042
40  0.0856614
40.5  0.0957537
41  0.0895059
41.5  0.0703133
42  0.0812739
42.5  0.0768047
43  0.0787515
43.5  0.0756983
44  0.0929124
44.5  0.068067
45  0.0664685
45.5  0.0736202
46  0.0662506
46.5  0.0754478
47  0.071664
47.5  0.0757594
48  0.0693268
48.5  0.0648381
49  0.0554045
49.5  0.0395835
50  0.055434
