0  5000
0.00529311  357.524
0.00793966  337.059
0.0119095  316.601
0.0178642  296.15
0.0267964  275.712
0.0401945  255.293
0.0602918  234.902
0.0904377  214.551
0.135657  194.256
0.203485  174.047
0.305227  153.941
0.457841  133.982
0.686761  114.194
1.03014  94.5249
1.54521  74.8977
2.31782  55.2299
3.47673  35.485
5.2151  15.708
7.82264  -4.11364
11.734  -23.9713
17.6009  -43.8119
26.4014  -63.6728
39.6021  -83.5232
59.4032  -103.344
89.1048  -123.127
133.657  -142.837
200.486  -162.458
300.729  -181.929
451.093  -201.182
676.639  -220.103
1014.96  -238.536
1522.44  -256.189
2283.66  -272.708
3425.49  -287.534
5138.23  -299.793
7707.35  -308.248
11561  -310.958
17341.5  -305.058
26012.3  -286.259
39018.4  -248.111
58527.7  -180.923
87791.5  -70.1786
131687  105.905
197531  379.99
296296  801.053
444444  1442.61
666667  2414.92
1e+06  3883.31
1.5e+06  6095.85
